$ANSIBLE_VAULT;1.1;AES256
39303665333662323732333133366633333965336266343830653136343130636534323938313633
6366626139623366653830303739306431306136303630620a383761346261636530383038326337
30383862666361333133323763323233353739356639316463303836323937313363313063353834
6530616235386461320a376166393165613532633435346335623939386335326262336531643831
64626361643939363830613666643862333263306561343364623662353861643662386137643831
63623031656636313766376362396165383033343561663761653363393765363562663963396632
37363061393361666538323539303665616137343032323138613865326234366536363431303866
35323538303964663139366366663832633639623736366435633563303761636134623938636633
38623035343730663835653933316433323264353961386534666634313564376461656433353831
37383037613230343532333763643339623464386163646565353136656332366136333463366262
35356531373561613230383333663938396336383334306438383337343630303865383662333163
38363461363261353131383335306431376330363336396135343439663132643038336630336533
32653861653764646633656337316139346231336138623735316163363665336163323336623464
3764323333623135633232356136306531636133336466313538
